57
84
8
90
86
15
70
90
52
69
03
09
2
03
75
11
87
24
15
39
23
07
94
50
33
66
38
06
54
14
7
27
91
39
94
73
73
7
60
27
26
14
91
08
34
07
7
9
53
73
39
20
52
67
57
87
60
13
50
31
67
23
90
544
25
87
81
66
31
1
13
57
71
71
76
4
67
65
96
50
21
84
92
78
99
17
36
03
19
1
30
98
6
91
11
55
98
04
59
01
67
15
7
55
73
99
57
07
52
16
1
77
27
33
58
09
12
76
96
10
6
16
34
30
22
66
66
64
79
18
62
64
62
77
64
83
09
35
59
00
03
65
04
90
69
61
32
55
23
03
69
07
64
7
97
03
18
0
90
25
9
15
70
22
79
34
21
17
28
88
17
2
87
60
16
98
5
3
9
19
24
39
58
30
88
34
34
29
89
544
08
29
59
12
0
65
02
61
86
75
86
75
63
07
26
36
35
77
61
84
79
19
13
52
61
57
89
36
16
0
5
92
09
29
13
90
66
9
87
63
51
95
61
86
544
04
83
68
96
96
75
18
89
54
50
92
62
8
78
90
39
18
76
9
8
22
00
55
69
35
83
09
76
79
6
3
31
4
56
32
93
16
16
68
6
92
00
23
60
71
5
21
26
73
17
38
54
60
53
14
6
38
96
0
58
23
38
12
84
98






