13
40
4
56
42
71
36
56
18
25
69
65
8
69
31
77
43
80
71
95
89
63
50
16
99
22
94
62
10
70
3
83
57
95
50
39
39
3
26
83
82
70
57
64
90
63
3
5
19
39
95
86
18
23
13
43
26
79
16
97
23
89
56
100
81
43
47
22
97
7
79
13
37
37
32
0
23
21
52
16
87
40
58
34
55
73
92
69
75
7
96
54
2
57
77
11
54
60
15
67
23
71
3
11
39
55
13
63
18
72
7
33
83
99
14
65
78
32
52
76
2
72
90
96
88
22
22
20
35
74
28
20
28
33
20
49
65
91
15
66
69
21
60
56
25
27
98
11
89
69
25
63
20
3
53
69
74
6
56
81
5
71
36
88
35
90
87
73
84
44
73
8
43
26
72
54
1
9
5
75
80
95
14
96
44
90
90
85
45
100
64
85
15
78
6
21
68
27
42
31
42
31
29
63
82
92
91
33
27
40
35
75
79
18
27
13
45
92
72
6
1
58
65
85
79
56
22
5
43
29
17
51
27
42
100
60
49
24
52
52
31
74
45
10
16
58
28
4
34
56
95
74
32
5
4
88
66
11
25
91
49
65
32
35
2
9
97
0
12
98
59
72
72
24
2
58
66
89
26
37
1
87
82
39
73
94
10
26
19
70
2
94
52
6
14
89
94
78
40
54
